2794
13300
24337
27961
19891
7970
22319
23338
30536
25969
25435
8346
21334
3433
29517
9336
19173
17025
4335
25616
21726
5011
29959
17700
20427
30092
20247
20031
10463
24168
17537
14662
29750
3166
27375
5200
23133
19799
16882
25783
32533
23205
28650
112
17748
7410
17957
4503
5261
27766
20555
30798
817
8558
29433
32456
2678
2249
23980
5025
10071
4388
21473
32369
3292
17400
4474
17056
19355
24338
20068
9340
4735
8772
9591
1160
27848
9563
25245
1303
8531
19024
31799
11802
5916
8131
15292
823
25345
18340
22947
16411
25289
13876
4228
12048
2404
23852
27514
19922
16500
5947
21451
13470
781
26550
8651
29581
5561
25228
13565
23072
32704
20600
22396
23836
10662
25466
28825
3736
17652
3975
19142
23636
24892
23424
28851
2124
21079
15969
26038
3981
19441
23739
15728
29512
22088
14948
22190
6181
48
13420
15757
12249
29275
22356
30946
24827
18391
25979
18136
8467
20440
8665
3291
29941
7352
13039
32437
2893
1084
12798
16631
25978
29977
14968
2715
672
17846
3508
2535
16632
24628
7909
4245
26987
28588
6989
19248
6496
29367
17070
1985
32466
22324
9218
20395
6821
837
4715
22740
32058
28571
26221
4613
12609
14068
24411
20116
18638
16097
14607
21824
16559
24013
18910
22108
11774
8763
15564
3376
27122
8015
15355
4252
12282
25232
8042
5886
25101
30444
29660
12630
26427
6397
28181
16808
22665
138
7756
12450
28667
25425
30686
9855
28146
5379
320
19243
26808
26769
16439
20904
14938
13990
13899
21168
182
11636
377
15004
25556
19892
29992
20100
5754
14568
16222
3240
17658
13540
28212
27662
26191
2188
27015
16237
9064
5599
13553
16202
18628
21813
3575
32609
30271
5572
14980
21318
300
10089
7063
26188
15523
20902
22584
2726
7196
15335
13488
972
25661
11017
27129
20513
24049
14364
4468
13778
16314
25704
30938
5889
16712
11951
29301
20771
3402
3506
30096
11174
1412
29686
9004
6615
3362
16584
756
21508
19788
17023
3187
3037
10234
11777
20613
16416
19722
12169
22283
29558
9616
30887
1251
19096
2413
28552
7704
21941
29475
25463
14421
2328
9703
27300
12704
10502
31224
19748
32580
11493
17200
8506
26895
23972
1496
31957
1214
13142
28097
24665
1462
13856
15248
16034
13557
26198
7258
17991
9543
28641
8049
20507
30653
11492
15997
5882
17499
15263
11214
7362
31505
11155
23280
24735
20717
1510
30592
19084
3470
13578
15935
28694
19676
3994
27749
5731
2294
2692
14648
5492
108
22125
3548
167
19631
27729
28525
14464
15557
19818
20299
18856
18497
31316
13749
15670
11891
25966
31386
15918
5596
25731
171
14407
16356
26026
9909
21490
9424
27498
25390
29591
3054
5154
15886
5666
29714
12456
7392
17086
24646
11825
5400
25056
23742
22385
14503
10120
20490
12547
4301
29380
27791
29962
15150
18037
22072
29209
23849
16213
20585
20816
24933
11065
2101
1992
13228
9620
20176
30514
28413
23869
22599
442
12764
26482
21102
5426
3309
17436
26650
29036
16321
30548
1169
11751
14320
23591
27455
17070
1640
5270
30635
6270
16132
15073
6569
25639
30305
14342
25040
20788
20973
25476
12846
16334
24128
20580
26427
6622
8112
27514
3340
882
4383
20201
29897
27234
1304
28389
15969
14643
7451
957
10876
12603
19252
21784
18610
12294
4562
19070
22010
25593
30167
25883
24421
13365
22252
1728
32012
24511
8727
10795
14662
6109
4751
28808
30751
6595
29903
10296
29446
2926
8169
12496
7366
8145
6429
24677
440
17967
5546
19975
30774
26824
20196
9611
13650
32439
23687
26766
6600
29979
2379
16566
19250
13173
21944
18235
28027
16209
7484
26022
4246
17193
4475
13273
9840
31878
32742
30544
5411
21864
5519
10150
14700
11496
5435
7259
27999
4892
13241
18388
26457
31803
3699
9123
1335
12033
28739
12809
22469
29269
22664
14521
633
15914
30840
6367
17250
29603
6840
26721
14171
24698
10538
12389
11908
4514
17670
29971
9459
14635
9516
27292
13222
11111
11960
31611
3516
14155
31703
1019
24037
24087
17626
26361
6168
11834
24457
24555
4996
17775
18618
13857
200
15917
27682
13643
4198
3134
7786
3900
23925
3245
32133
2797
28823
19686
11074
9413
28459
19737
5661
1047
19140
16863
17499
27117
1241
6432
21846
32004
23230
17972
11541
5911
28114
6472
32287
30560
15355
9732
9617
32349
31823
32107
3439
22224
13332
16130
2360
12297
6123
17716
24765
28007
3400
28917
32050
28445
24613
22694
27782
22578
248
24120
12016
30156
24290
28821
715
11181
12841
31803
8867
2558
19176
20266
10640
28747
14341
29697
4546
25040
23140
18532
350
28403
14426
21152
22921
22545
9573
6802
15297
19837
4634
2501
31092
28870
6238
5850
8651
31545
6105
16429
8647
11687
30376
6581
10896
28009
23122
29228
21002
12960
27902
21360
8616
11201
739
25130
1925
14930
13311
24749
23985
11502
15884
22817
31688
23183
17072
13024
1738
781
13812
14112
29478
6369
4343
18643
27928
22575
7396
21451
6965
20228
27169
14114
28485
15068
18377
11993
31056
24423
20317
191
28924
14988
22710
28820
26902
14767
27198
16239
24942
21551
31072
14941
10984
12083
3901
7243
20944
11943
9633
18214
622
6017
20533
6208
7130
10057
1526
23542
25874
17624
7909
9360
6218
11872
23040
2152
14467
18604
32626
2895
25951
29609
29447
14124
8500
2086
19170
10214
15711
25304
15986
3716
24795
8353
418
28563
23826
28689
24656
8392
17650
7214
11777
18919
31300
13424
24019
27875
9529
30224
22195
14663
19014
23171
22479
11988
29234
28481
334
21356
6254
23242
21823
47
21412
13035
17616
2531
27794
2109
7617
18585
22297
19184
27672
17037
16785
27846
9237
32335
11872
25698
10344
16416
19403
30147
162
13983
32268
25612
21482
23205
20388
28806
31729
1645
15346
19175
17448
2040
2053
22229
10544
12975
7599
27302
11409
13387
7386
27498
4272
12530
5919
27179
4347
27298
10645
9843
27239
30675
26855
6671
18460
19800
21418
29203
26734
8071
16109
6430
3600
24217
28945
14047
4484
21076
24283
18648
9942
6375
16071
14434
11146
3349
26271
4594
4307
22421
10061
16794
13830
12217
6894
30931
18253
3919
6439
8569
29856
24005
17852
535
5361
22160
27998
30565
2471
11981
9413
26383
30286
15913
24063
20408
8333
12031
26632
6719
3160
31169
3226
4161
10342
12185
16454
7135
7910
22608
6340
13505
7790
26478
32136
7770
12084
3235
18069
23406
26752
25445
15766
31442
6753
17883
13611
8564
16288
18170
10881
30107
19442
6126
9509
20335
10865
23739
18714
21179
77
13348
20265
22002
1983
30412
22392
14960
5951
29083
19038
6659
10487
8035
15222
28074
30327
9667
754
4508
31914
6476
306
19084
31753
19683
16534
12332
18702
12390
27024
8432
236
659
15613
8980
30333
23077
2229
22240
27516
19007
19040
24107
27124
9742
29836
23838
20984
10155
2557
30778
28565
32318
836
29596
11525
1897
12948
22400
13605
14308
6608
15877
6698
30564
26344
11824
21647
29634
2662
10290
11857
12121
7236
18158
28255
20144
769
6838
22604
26969
4340
8533
21576
25112
3039
32595
21326
2632
21191
24180
17311
5243
5635
5506
10606
6753
21908
32076
12253
14827
6580
5871
17960
3503
6577
26452
7456
1167
17660
11258
6364
23701
25213
19702
2731
17698
14890
12344
18252
27720
31960
21007
28002
31604
24145
18160
28706
18256
5542
2675
14927
14055
14279
16286
32104
9739
8272
18022
288
18163
23718
19059
1806
18217
19779
12068
5798
15268
29006
31955
17768
6192
4207
13146
20311
13847
14049
9685
5037
11770
14281
17322
18893
2304
10694
29383
633
3379
4553
24363
18757
10534
12327
25512
31307
17115
9196
28647
8225
28133
22643
4012
28168
19658
28979
30555
10854
8619
10204
14780
7543
21031
20643
2811
22591
25212
30937
13555
26563
11247
21443
8363
18552
21103
27046
6433
11772
15733
15649
11079
29444
6190
23231
18252
17814
7388
1741
1820
25464
12154
32105
15914
31464
2974
30940
13933
909
2468
29226
16040
9134
16137
20455
28143
30114
32277
30539
16487
16775
30909
29577
29005
32567
2759
10077
13882
13432
28463
15588
16293
883
25802
18353
8873
32104
1577
19741
4104
3487
22720
9950
31857
4258
22343
29660
7678
27561
31585
2880
25345
14422
2684
9677
17920
22690
10744
12659
8958
1816
32395
801
29180
14145
23268
23260
2752
23135
16782
28174
21973
23645
15896
27680
3795
27911
22899
12618
31713
26999
11675
7082
15991
31183
23673
13972
8553
14126
28169
12330
2081
28124
22968
19756
25387
20424
16144
20241
19960
11061
4502
86
14811
31152
15347
23318
19032
23365
32339
32219
18078
20978
3083
25268
17490
20828
11390
3207
28558
30401
25409
7849
5162
32046
25469
4780
19514
16882
21141
120
30679
27986
7689
11421
25123
4990
26779
20712
14215
25028
21168
21301
12607
11268
8696
24195
6681
28260
3153
4686
4217
5956
10729
15385
10657
11637
21155
20298
23087
9893
27325
3898
18407
542
25263
8077
26803
31665
28246
28351
4840
27372
14161
12032
25291
8852
3756
20802
6484
25679
25019
13968
22578
15520
30281
2977
24334
23320
12787
685
11796
15051
28878
24447
12720
12034
12112
2508
23445
10287
2925
6595
19716
17702
24832
4837
30283
1161
1389
16663
20364
10884
26244
27637
3775
11963
4265
21610
32506
18049
24626
12413
23792
24395
25105
6510
23737
7524
10163
8194
15569
13026
4648
31515
2658
8920
22659
1163
31430
17613
19844
30762
32327
7277
10356
10535
28714
22911
21841
8603
2029
5143
4139
24676
28620
6413
20430
10544
9354
23213
17313
6872
621
22960
26830
32752
9099
6764
31395
3484
29508
31303
16953
1188
6928
31089
2387
26827
11387
19667
13448
16989
11373
19522
18597
7688
25519
4345
24397
16108
6315
22598
20194
14069
5747
32387
2473
22889
9477
9800
30760
15293
22222
24543
21203
14509
20332
25848
16104
10636
26552
15518
12952
18904
21252
23402
25703
30993
10657
5111
18901
20171
31909
27541
26942
13571
22250
10050
767
31919
20314
9430
21978
8344
4202
21629
668
10860
30949
26218
21244
28175
14827
202
26567
3891
5689
4599
4666
1320
9899
4847
23727
4341
18430
19972
1661
22951
5595
32213
30489
8937
5905
22652
27777
20949
32547
23305
26842
13322
10498
26928
9047
15615
12059
5438
94
11671
17556
9297
21734
23029
13267
8905
31012
401
9793
7418
28262
28043
6477
20515
7231
18752
9395
26532
26852
26908
30206
6763
12502
29615
9547
15536
25025
8450
18257
6626
15524
1067
24734
10977
819
4895
7715
31853
5242
24776
30451
23007
15554
15703
6984
4118
15544
12508
21703
23733
19404
1043
15365
23948
6616
19329
26441
5203
5122
10432
30356
21150
28899
13848
8414
8717
18409
20559
9891
31939
14329
12993
19870
27162
24921
6579
18901
21397
14030
24292
14293
9751
27137
17509
3135
4946
30503
25003
7299
1921
5089
26339
9452
10074
1377
10885
28637
27198
8655
13612
602
9396
235
16293
29129
5909
8179
22341
18170
21641
31943
7296
4710
5681
27723
20408
5556
20134
12301
8275
9858
4515
3880
29200
11873
9214
30312
3227
27681
18397
25518
26975
23120
6438
8342
5019
24317
3639
4184
20152
10433
28888
5356
30426
23809
25453
20338
20405
31597
18033
16336
13730
6860
4639
1949
25841
25340
30834
21566
19329
26676
25424
13390
6287
19341
8962
23620
32460
17601
24808
7759
23730
31026
10859
6533
16151
17454
10290
25661
29187
21617
21913
13753
5055
17131
19551
21257
24110
1732
30878
17195
6752
27294
18689
3703
29285
26394
12081
3387
5471
1693
1168
2466
25051
13908
10026
14554
2658
10357
25321
20341
26698
11208
31496
13584
28882
7271
26569
6963
111
20930
7275
31609
28768
11749
26966
16625
10888
12798
20122
8387
12157
15385
21143
26135
17117
21039
12541
13618
12769
7775
30200
2530
26676
123
22948
29981
18181
22726
28615
24037
29275
28668
32703
18798
2216
8339
6329
28291
30882
9537
13860
6182
26958
12478
2150
7031
26717
13003
13773
25815
21180
28275
10184
24652
11111
17809
14423
16679
21630
23954
21440
27877
24218
380
25220
3412
25185
25903
3985
3575
6232
11756
16057
2218
8953
25619
18275
25993
16134
12849
18304
12815
19996
5433
8897
29563
28555
25106
519
30840
7013
17490
26396
28156
29653
6730
10400
15217
16562
21058
27206
27155
18772
11525
25920
7065
167
2465
5367
21527
14205
7784
7168
6947
18729
17210
30027
14391
30281
12551
17822
3670
25059
23183
24898
23282
25780
17004
23037
23566
10948
29267
10560
8608
20286
30615
19104
3641
27263
2286
23178
19175
18029
14712
3379
12891
11530
23805
4559
30535
1353
375
13827
2570
12832
8656
23964
399
26590
30188
8833
2930
27583
1002
12518
10085
29117
22183
13251
12755
3242
32132
25989
451
25724
14698
6403
7678
9960
31499
20147
19828
26162
5738
10782
1756
23107
20381
23441
923
14332
9425
21014
31207
4810
31120
18850
16940
31866
1855
2448
27566
22351
14059
26446
1137
3666
18501
24919
6230
10218
27114
26209
11142
26284
9960
7383
13331
27764
19838
16009
22237
5045
13092
23715
27571
29453
31179
8155
3259
16157
14950
22767
13588
32407
14505
30031
12985
17560
1041
11286
28585
25913
10788
30527
22085
22625
24058
11542
21753
16093
14588
19948
17694
15794
30956
23055
14623
9137
24358
17402
30171
3405
5413
21192
6987
31402
14920
2287
16485
3062
32470
25386
1600
22524
28737
951
26232
4342
23207
7619
16596
27555
25502
13603
27686
31898
16945
1604
20083
32734
14374
10853
16468
16050
12419
19459
16284
1967
10064
32661
13627
27923
16029
5242
21091
15708
9415
29232
18665
27158
12280
21958
25325
20721
21229
916
15805
6934
20220
16681
11255
9915
18261
11141
750
12021
6536
15753
22351
9678
8007
6827
27909
29848
15725
29166
24153
5761
25664
3346
15966
16743
25843
24583
14988
4333
16496
11432
32683
26574
21332
3750
26099
31601
826
962
10353
15806
20796
17472
11180
6449
30135
32664
6025
13100
26959
20846
18540
10386
32563
708
23456
30865
29858
27503
23289
4543
6575
1991
19383
13673
30529
5795
9390
9511
5725
21381
28580
20148
19624
8465
6651
27133
12839
14276
14480
15736
9290
11490
17122
31927
31273
26032
2423
30013
19981
19172
27515
32144
50
20570
4011
23184
22219
9480
9329
3846
24391
7988
27472
18816
29907
14564
4995
25693
4128
12439
10209
11300
17510
8754
5124
24602
3497
11325
1194
8467
21563
30031
10075
17032
18818
9671
3405
12778
507
10685
13700
26678
28799
20281
573
6602
9925
5282
7565
6263
32553
15225
4422
7127
5035
29511
5658
25568
9787
12499
24067
27066
24116
1433
24034
4814
32550
2936
23142
6688
31960
14507
15407
9182
4237
12282
28467
12089
13191
24881
20833
23155
8906
3538
29829
11577
20514
1543
14188
23860
25703
12762
31304
16603
14080
15016
29269
25739
24230
26835
24765
30169
16234
2488
12474
31015
14842
29153
16634
32117
24608
28539
23623
17018
21131
16650
9575
1267
11218
25691
31297
25916
7350
20922
4674
7197
7592
30566
23551
29158
22923
2370
24092
11198
13754
30925
8044
25400
6989
10580
23129
31783
26008
13415
32647
11444
6645
21129
19380
19373
19652
15403
29923
22816
22447
5852
12985
29993
17715
17082
9767
14600
5467
7212
25673
9846
16335
1491
10382
8506
5902
20157
29210
9975
28920
18652
4200
14664
14479
9143
25396
11790
19710
24416
20888
23049
20955
27558
15477
18854
21673
18315
28692
31768
27553
13561
22797
21674
12722
21680
104
13908
17350
16003
4867
32140
9031
27076
30771
19550
8673
31229
15278
23743
14986
17376
20137
19743
31680
7809
25661
6973
26386
21699
27919
16703
27106
19216
30256
10498
21353
11598
28482
27055
27644
14606
7133
911
4493
30726
13361
3616
32116
32449
30956
3176
6000
917
15966
23433
31208
25046
13018
28566
2935
23881
25696
21157
20904
14811
18810
6693
24830
31635
20836
18034
3640
25286
16239
16551
17618
30858
21927
27316
9935
16236
4788
30128
22966
23654
1790
29296
9435
19467
1301
20568
17631
30725
12623
15985
6266
16577
13491
8892
2680
20329
5909
7110
23810
17427
1155
16509
14879
5176
480
4674
11643
11623
21711
21823
27494
12346
8915
17147
2335
22410
2996
19243
2643
24543
17188
22220
26593
810
28066
16750
29664
23735
17567
31955
16099
18781
17887
4792
25211
6136
29219
30963
21758
7705
24325
27582
10887
1275
8227
16979
26430
25273
19327
29113
18138
29631
7462
12765
7524
2174
32272
30948
13629
31589
29256
16576
20066
17164
12876
19201
8943
29874
29623
22254
5346
19177
9501
32213
26914
1168
8503
10655
13248
12290
7488
22951
22908
13965
22174
10701
19083
15398
17349
20422
23191
10074
19545
694
23048
25992
19602
256
21634
16206
26597
10332
6318
20801
28385
21547
27966
31969
23639
30216
5931
26060
11709
7328
5441
20273
6868
23747
13534
28040
28809
20667
25591
128
4889
8668
25691
18745
27513
20572
17468
12468
17397
11621
16363
12936
22551
15209
28899
24534
7114
26806
28169
3710
32191
22602
16690
2195
10512
11496
21990
20493
2596
2667
17764
19134
6866
16731
9189
27272
14793
22718
13093
9676
4399
27184
7712
21541
20616
1078
8729
17239
15834
1744
18657
6274
25102
11853
6230
20892
21658
16483
23338
31517
27229
3967
26342
28156
19402
18522
814
10715
13897
15821
22086
8063
27866
9958
31445
32642
7164
827
8937
24908
13517
6526
27708
22079
882
17490
18870
15666
1209
349
9778
27169
16125
30367
9349
30242
8779
25090
8380
19355
13250
10034
22182
17075
2112
28590
20883
25094
21051
4384
2394
6045
1772
11754
20641
32285
24243
17409
30808
574
13495
7678
19591
31871
2509
23154
20042
4889
11931
32122
20249
30769
22781
16532
20813
22609
10407
5297
20960
3353
24332
2700
24437
26674
20095
5433
8856
10884
17560
23297
15174
31657
29658
2157
6064
30113
8338
22945
10300
6343
5378
19947
5325
15363
8383
14748
22340
19778
10072
10775
24391
30243
568
20519
9025
30963
14798
25750
17065
23004
23019
15099
7560
10329
25963
30419
1333
31981
11543
5843
27235
32533
3530
19069
11358
1915
22995
17906
28050
12908
29083
2055
4429
30348
20360
18074
18118
5065
2848
29991
17757
28301
6002
6550
7716
11064
16561
25431
18079
7629
11555
14513
16584
25067
25913
11863
1110
12032
9984
7485
3391
15545
2232
19113
13180
19389
11969
22157
12300
9882
6335
25620
29499
12031
18934
12411
12324
19245
20726
3106
16757
18344
29309
27107
19314
306
31641
30882
16189
27385
32525
31525
9044
17680
502
21030
17755
5916
23470
27815
14620
17232
19697
4742
18636
17819
4670
15697
14991
29471
30080
29531
3903
19942
8942
22800
7785
16592
17712
27781
13209
22480
11459
8020
4312
18520
1694
17062
31346
24082
26134
31121
12285
8145
9727
9637
30358
16583
25876
449
6254
12792
8601
24363
32134
26606
14398
14560
16822
10415
19015
4393
27636
30188
20202
19823
10963
26491
21496
1104
14922
2568
12736
29171
22199
5639
13873
1688
24867
4844
2878
17267
6344
15007
23687
22970
3536
12586
53
16381
12640
25781
10021
12726
9941
10677
22602
19745
14926
26464
15180
17229
8298
26724
30325
20083
25427
9176
9166
25224
8443
4723
8581
19470
32421
25596
16786
12591
30120
10497
7322
10508
23919
17612
3092
23891
22213
15251
4010
27151
31823
12527
8674
28613
31834
10895
16381
3004
32728
27438
10528
10908
676
31170
6321
26939
270
10487
4
30643
7827
13019
823
12984
10732
15579
15706
26408
8779
22510
4051
29668
8673
20752
257
15839
20899
26098
28192
10868
19022
12784
5229
5117
1704
26435
13706
27809
19209
10360
23331
877
9755
5664
32210
8102
28382
25802
4928
26206
25583
3886
18318
15942
20489
30891
26099
9667
22476
5108
13478
12100
21693
25094
18430
6098
24975
23901
4311
11241
31649
9575
10809
28294
24007
32313
10804
13953
30797
30849
31246
13853
10809
21947
31137
8414
8145
31912
29182
25498
31325
4604
6998
8915
9518
2391
14875
29508
31711
17015
5986
186
9691
1708
22668
5925
19231
31372
31269
16879
1602
22503
29196
30092
14258
1022
15572
30547
7744
21999
23147
30604
22751
8564
32249
4554
13736
22989
29963
10107
29218
24827
2545
18621
20673
22319
25956
8051
10156
32386
13165
4248
19651
1766
3970
2004
737
22109
31729
8525
19550
8553
26754
9664
18137
26563
3159
3280
29748
10575
5912
31134
5343
26448
32077
26009
30554
17881
25611
28056
24821
24964
28627
29990
29659
11621
31415
5148
13902
27969
30142
630
7988
8188
31114
30303
19411
28241
19000
10382
17113
29126
21128
29397
26783
26590
23102
15607
2222
9616
31688
11195
6275
24312
7456
17982
6031
5965
28660
1421
12418
19731
15621
627
32713
13969
32461
13712
9045
8838
3940
32171
30623
20760
28068
24650
9705
22797
23948
14463
26566
27965
26594
18436
9180
5703
32028
24202
18409
13444
16257
2895
1028
24121
14476
3311
19238
28177
32145
29564
15592
21962
1954
10448
23694
2350
17076
21282
14661
5445
6142
17880
27561
14281
30626
29852
3210
2778
9615
7346
2288
6387
19878
6281
30556
27933
8988
4496
21073
29538
3871
1098
15379
15749
12988
19109
12207
32752
16384
8328
17211
23278
28253
22187
24415
17434
3664
10155
4117
9240
65
25438
21164
31874
4779
25700
1299
10789
2940
1022
23124
5998
24767
35
30815
29471
25720
2001
8969
16198
26575
24994
6228
19568
6513
24735
497
29978
9012
7000
8195
11624
19194
6453
4390
15130
6871
27143
23472
10683
21622
23522
7223
20251
13240
17199
32083
29696
17567
2301
23716
29977
20587
29592
16663
28723
9730
23901
1638
20911
16789
19916
25054
22068
6017
10463
9317
21665
1651
26778
23995
25670
13520
5348
17664
13139
23892
28053
2679
8592
20217
31440
30345
29519
9242
30611
31245
12448
29912
19084
5062
1219
2237
303
12077
12771
19359
261
24689
27905
2503
25415
8637
13870
14163
11947
30137
253
18137
25470
4947
16696
21325
3571
32447
12242
8485
21179
13244
23581
15034
10709
17690
23869
11250
15272
5497
14301
8476
5199
3411
19488
27931
8500
29245
24538
15047
11488
17257
6401
28048
19729
16240
31838
30053
30477
30542
17544
6612
11831
4782
9491
114
224
10601
19973
29309
18271
22089
17289
9664
22884
26386
24040
3255
11657
19907
1460
29172
5930
14105
71
25281
5751
27221
24684
11527
28359
22079
28507
29806
30512
28523
8683
8902
22868
17339
28163
14246
12925
26405
5201
15186
19181
7606
12863
22754
22383
26327
12323
25505
31026
19920
24502
19380
28631
9098
24264
17916
12745
1433
4658
11069
24269
22137
19723
21119
16602
2840
30751
27316
20266
29077
19868
6044
26513
21832
32015
21990
12814
9218
19343
27288
25248
30870
1080
25008
19802
11928
19676
24587
186
25444
13044
19591
23095
2146
1245
5221
18713
27273
19265
3825
13197
21282
30419
17508
12793
9679
5695
7177
5261
8139
10336
13727
26395
7283
24244
29183
26408
774
25614
28414
8259
16809
31627
31381
8853
31150
3015
16703
1978
16661
27217
15267
14799
7507
31580
8051
12492
6995
31159
22420
6676
10427
31487
18303
7755
4720
1043
24039
14696
19548
16840
15004
22795
26223
14814
27567
13584
21219
2099
1495
5732
25029
31799
7187
23
5553
10912
23185
28339
13789
18271
18639
8653
16728
23506
30464
9177
10132
11579
6833
1091
27171
26481
24236
30651
3006
24533
27164
21200
28811
1160
25331
4800
5024
19419
28553
26766
13763
14343
31621
31318
26995
17183
17409
20190
8237
18242
28393
5997
7400
14101
12708
19424
28642
14960
19191
19706
24478
856
21542
252
25389
28462
11612
7797
4526
18469
2380
6492
11025
15098
23577
26204
7712
21727
12659
2159
12223
7608
11780
7342
10098
8841
16394
22632
9505
1071
17221
11633
1048
24143
7187
2236
28498
6797
3546
24364
2807
1022
20646
31912
22307
11999
10771
18798
12265
2183
3438
31145
3736
9114
1815
23365
28732
5248
30505
13826
1384
29205
24413
29127
3891
20130
18476
30522
3457
15629
308
32397
8836
13900
16605
16538
20354
29471
26428
15923
28376
3583
26680
4531
3903
337
8427
32473
5198
21984
7243
13527
16448
5514
2825
30373
2808
22074
29369
7579
27202
28950
22580
10815
28508
14841
26938
22364
23989
19235
26972
25428
7924
14639
26137
950
14396
17222
30280
14099
9390
21395
2230
26894
14640
25590
1551
7347
30061
6909
18946
4362
26141
13584
14240
5099
31879
3563
27909
30483
32580
24146
23099
23416
30789
511
16219
18138
17432
23008
22005
14235
9830
7807
10674
10960
1985
14018
25656
18584
16540
26324
4174
10925
5531
27491
6209
28984
18702
21772
902
6634
26040
14355
14240
19784
9940
1112
16453
5702
8538
6534
25276
14360
4734
27534
137
5701
30585
19284
3404
25341
21133
10151
7143
1964
16707
23159
18143
31695
18424
22082
30725
32263
30359
18384
21333
25451
19112
32
18718
28963
29322
15010
4963
29747
22012
5031
8833
2964
2019
17173
15635
22665
1351
28511
22291
2352
26014
11444
25666
29015
24653
31863
10697
9618
19308
24816
21280
19594
30665
22849
20015
6808
3632
22939
12979
11155
20970
5041
14564
12006
27780
9069
853
6629
9938
29666
16411
21601
13106
28803
25905
4985
27925
22162
3099
22196
12732
15067
12490
15181
13888
6049
22464
6606
32469
30425
24436
8672
23375
3222
248
26722
3302
21957
17369
7096
31030
3866
26951
21094
3722
6218
4725
10205
15705
6011
9795
7060
11025
28920
14875
26203
532
26410
536
14829
768
30404
3182
7876
15156
17213
19462
25649
1168
10115
13928
22187
12923
16110
30942
12392
4139
31346
2262
30762
5153
5658
5001
16988
27890
689
4314
2141
19277
6082
32129
2588
3386
8644
104
28133
11936
8334
32597
4730
8970
18961
26314
18278
31914
9541
10538
24462
1183
20836
14620
21001
10355
19799
820
23857
24808
21357
10961
24570
30196
7507
3649
23939
17418
9281
22060
24299
26267
12657
5167
10086
27613
21205
13511
28304
30155
2057
18545
5377
27757
15239
26639
1825
9561
23578
14478
16957
9338
10901
20934
12251
23056
4036
3233
19275
504
3747
31872
17791
2094
9934
6106
6941
5776
15161
21542
20689
12260
20769
14588
18920
31773
15170
11895
27931
10714
1355
2781
2984
2352
13199
9090
16040
17321
11005
25833
11932
21900
21842
13869
31049
11359
21901
11167
10694
3755
24739
19633
30419
12543
3701
28947
15212
7223
14079
31003
23966
18686
12242
25962
6042
5266
32196
4557
22280
29384
20198
5985
9885
335
20662
6651
22000
24632
13974
1222
21385
29622
1149
31278
27963
29475
29165
31485
27317
26948
31013
2244
13907
2510
26263
18301
2106
41
31900
25198
18339
7027
32615
14417
5751
31688
15671
4785
15133
9409
26321
27799
23695
6458
19502
3174
17588
25689
20849
29956
7402
13260
12316
29242
22753
26449
22658
17502
17328
14716
1920
12079
25378
26037
25704
28672
9553
28544
15166
24345
3191
28417
10023
16474
19712
1727
16670
1825
4580
26280
9961
4462
23347
85
28235
7749
10994
20624
22652
852
29733
25107
22998
26070
45
28051
18897
31415
15956
15101
20273
4601
12711
10240
23678
29014
28932
30667
20661
16935
28019
20504
4157
5764
29369
1897
10780
18861
5675
10385
23915
16296
1985
20343
4871
18476
31083
17175
8074
10430
4264
28873
24954
4634
5716
11462
4032
1236
22721
23528
19547
26943
29706
27313
20309
24206
29860
13711
15862
1337
2102
18014
569
18595
12459
2863
13948
27641
11653
27208
31099
24157
3956
22380
15999
6724
10791
20060
28115
5148
22626
22173
27000
31795
18001
29820
18969
22484
13852
11088
26689
13747
29371
29951
1484
394
25868
21187
11164
15109
32546
23342
3981
5084
29152
26988
5802
14654
24775
20937
18337
19574
2061
16242
16756
20169
2287
8064
2674
1181
20552
15666
19302
5089
19297
29562
19214
25000
24331
6076
15822
29463
21739
466
15782
21890
13078
21843
32354
20946
12766
28693
4624
28458
17387
8688
20919
2250
25741
4549
15942
31539
8272
29631
28107
11403
3025
29913
22757
29764
7377
32673
7292
9721
6536
15931
943
17304
4667
32168
28174
6854
6417
22089
26122
20863
11299
15774
31657
9725
1490
25940
14207
26076
18269
2943
14809
24699
12723
8228
23099
22693
24709
25594
23309
14705
15264
25713
1425
4710
4730
30964
16920
7907
5642
9579
118
23742
9437
1541
1203
30252
7527
10292
27651
737
10903
29945
32248
25720
16046
4193
7671
16916
12368
21072
28905
26440
11739
15485
2866
2612
31481
4542
15079
15601
11377
29318
16955
3632
22083
8875
5691
7453
24563
23661
30140
9354
29477
21685
27793
16713
14442
21658
5889
30681
22106
3113
14712
15686
26339
614
124
1866
22240
18062
31971
10168
25581
18079
12355
30490
11386
28442
15787
4761
1567
30728
4752
12574
3631
827
7178
21431
10384
28630
23617
21820
24778
1808
29729
7474
24925
26164
30038
31215
30040
18924
4212
26111
18471
7872
29557
15559
22445
31450
27753
8808
19603
25868
9321
8935
11487
3348
1741
19594
7368
22814
10399
18821
8648
27786
17487
15573
7156
3056
7591
26221
27017
609
25090
21136
26823
27632
22713
6270
19458
2417
30687
27730
29686
385
12590
2091
17499
12999
2880
12426
9913
31609
23299
22523
12158
6689
12647
9720
6478
2977
20825
25866
2714
2676
16885
7217
22900
4920
20727
22406
16801
4713
6515
25631
16624
8048
25287
819
3531
26844
27597
22654
23564
13807
30293
6119
25618
8540
9938
13921
24595
29007
3155
8719
29619
12462
25781
17835
12758
28062
28951
23336
13491
16714
28303
20886
31787
1248
1819
19015
1624
22491
20187
28976
22120
23432
8573
13457
23980
18371
29688
8153
31468
15618
28285
24004
1022
30614
25258
9670
3478
18477
29186
6316
25952
30106
30874
20609
29260
27609
4116
10158
28458
23629
16081
31590
13174
13133
10083
27969
32373
1759
19521
26663
30849
25283
15295
27760
24224
5556
14397
26441
3164
25578
12446
6490
22479
17123
7420
20646
29694
611
5017
31154
19816
1722
10777
19433
5342
30789
30447
5439
27796
3127
18198
26901
27513
19097
23553
13916
27332
30096
17876
2302
20943
30175
11732
31353
21545
28844
9500
5581
21991
27271
19347
12953
27194
7080
25370
2945
8263
22904
8970
5074
4658
14676
24541
20585
27260
20621
23339
14289
21392
13747
20441
23979
1432
10003
3725
27987
26261
31358
15972
14272
28847
14924
5608
22700
21193
5025
8252
14069
32601
31215
25242
25668
7543
9148
30208
8172
4148
17574
26917
277
2092
10404
32434
3097
21343
5262
7087
14126
24380
4064
31291
8774
8447
31675
29825
1587
22589
6956
31719
7951
24509
28849
4232
5595
138
5369
19685
11622
31558
27372
22999
13936
15297
21739
24265
3856
27339
20313
16931
12627
21062
5210
19977
5414
18303
11482
3398
26998
4030
4818
29827
26773
29467
18630
11197
19424
29076
2707
3062
8863
20061
31591
9514
4140
25975
29969
24708
13656
32644
23675
4818
18698
6106
8052
4919
9257
18646
16307
10783
17596
21106
3865
27768
3152
28442
311
22304
15770
27324
13840
16025
32094
12319
8736
26372
23184
16501
30621
22605
8632
18739
13564
17059
32667
19488
31927
1835
14103
3500
6734
14581
28239
15748
22668
10799
22280
3427
3339
22936
13907
10795
31994
21560
3949
19252
32542
24399
30179
19428
32535
32395
19193
896
17893
10877
27213
20289
11178
19278
2488
683
5809
19374
20597
12826
27568
22542
27013
2974
21322
7695
5457
12808
30936
8250
32402
20037
9833
29169
22126
19179
25095
28581
31715
28178
28733
18250
12905
17765
24534
25864
11219
6265
742
6196
26999
21853
30991
1150
14478
11122
12029
13164
19934
18556
30515
23047
17558
27642
8202
9940
1145
17587
10998
11269
21310
19602
2316
14833
5431
5811
193
15810
306
17342
8437
30829
19357
4212
25904
8680
3309
12935
28459
19607
26432
30639
31122
7431
12096
23290
26632
10718
7243
1124
6252
6162
17362
26279
22874
18266
25599
28500
10741
8930
16795
32035
9956
27203
7470
4231
18587
1714
872
27270
22236
16503
31935
3528
13693
26786
24666
21998
28267
19193
20014
6437
7407
31796
5223
2042
7728
22637
1033
16240
11002
17874
30935
16719
16061
3997
6260
18112
28633
27974
3272
8471
7448
2550
15781
7408
5244
8256
19882
7037
5948
32268
24168
22046
24329
1235
24516
50
2197
31250
28316
15150
1878
15352
1710
4332
1672
11874
2997
26693
23409
29706
28116
10209
27880
18427
27960
31566
13336
2889
16634
28240
14978
23294
9538
21112
14657
16983
5298
8952
15762
23857
12546
23222
30355
32446
7911
28831
4171
12412
22842
28222
16363
7528
16214
21645
25939
15727
25282
17163
26072
21797
22544
5390
9285
7609
3844
26971
14879
10537
30201
18420
22062
22194
27777
23089
25656
27531
18764
26898
25104
9170
30539
5588
1488
20423
28180
194
6498
20792
2441
21070
12101
3388
1204
23136
5261
9764
7158
14830
9260
4527
6753
19149
24433
24445
22114
14791
28622
17350
24995
1773
30174
14924
28719
24622
18854
21902
15064
2601
4124
3647
24790
19264
18917
9974
3248
3310
16227
30759
24672
10074
28143
14418
27826
2860
23139
5242
14317
15775
27868
11481
6069
23255
14782
18898
25136
4726
23544
23847
14952
21098
17545
9068
31728
5128
9027
31164
2507
32607
19662
15274
1161
22726
16881
15738
11187
27832
15373
13970
28265
28130
25322
12331
28490
31097
4022
19532
32660
13777
16715
30969
21900
16172
9649
25512
545
22224
23780
16628
27084
2140
22743
15509
17594
14683
32440
9616
27181
22298
28022
10923
27424
5815
3457
15140
16426
31611
19921
24482
3748
5993
12841
8044
18702
14871
5789
17881
11951
445
19538
7176
28284
652
29573
27344
28987
30785
14030
22778
3816
13817
19366
31150
13144
18503
23592
7980
13852
32132
15892
17853
27048
18534
6937
10984
9653
12500
28244
25832
20707
18169
31508
3678
11683
19608
8416
23108
28244
2207
12475
9250
21676
30974
10150
20612
24666
22201
29287
4523
20713
8252
7817
25731
32488
7664
7332
22997
20552
5387
30686
32702
19461
7340
9906
32608
4361
18727
22768
17111
13389
8605
26373
14190
19009
5073
18045
19
8046
23094
10182
11273
25689
2125
8503
17885
20651
12589
2896
20123
400
23651
29252
31041
5981
15613
16564
14964
22133
24290
1982
114
20333
15973
2102
10056
21102
32281
24883
32069
12763
12006
1998
27566
6196
24156
27686
6067
30011
24392
28584
4002
18005
133
4237
22619
15922
9749
28323
28420
4016
30832
3409
4862
24573
7708
30421
27671
9212
13182
9425
24833
27883
29936
20998
12803
26690
20244
6495
11246
5854
18791
1585
1875
32606
32537
31169
18419
24526
6684
2567
12407
8835
1147
15793
7777
6725
17389
18795
25155
18868
13226
12894
26670
14820
4221
31222
17518
9291
2842
14057
30836
29661
21683
16245
1044
24949
22982
18665
5873
12151
7993
8294
30261
18611
30120
24807
27269
18061
30462
19071
18996
8795
578
7906
29622
5647
10676
10023
19544
28694
18201
18124
5935
24192
10835
16379
14414
30048
5684
3339
14396
29814
32660
29514
7078
4107
17057
13050
25424
16669
17015
30873
18513
24764
9969
29542
2176
4788
11454
13600
22314
17260
15287
16145
17926
15630
14191
24651
14954
6120
15884
18738
17086
2579
18774
30778
24626
23122
26126
25586
6316
31292
30081
1602
25860
2974
11613
11504
20340
21787
18882
13161
22090
27157
9628
2495
26336
2513
11569
11502
1230
31189
24310
29795
29022
24469
20135
22719
26433
23887
24214
6104
16000
30260
9028
23040
3253
32200
9518
15499
5498
5771
29929
25995
7970
985
17777
1246
32679
21263
191
26219
30180
8175
2713
31144
8964
30790
9646
29280
14395
8907
12002
26291
11444
19787
8935
3678
4042
26115
8717
1852
19322
9294
26203
17165
27416
1152
24542
631
14914
15121
27457
330
20499
25342
22174
14344
23192
27500
10388
22181
16008
2190
23962
23691
24367
11210
3986
29153
8876
18199
15266
26125
1628
24490
6719
30583
22422
13265
15754
18576
25753
30751
27104
9748
14786
28617
23724
652
16131
25680
30080
19222
18832
16480
30053
31080
30171
20985
18543
1811
24003
30668
3476
9733
32520
15848
20669
25170
26115
11669
11038
4404
28820
21632
15811
12624
15707
18201
14956
8250
6955
8762
28315
18748
3259
20489
1259
12627
13471
5151
28835
1147
15735
8938
14219
2092
4711
18511
3583
5925
31687
24980
31041
2664
29723
11902
27668
13190
18757
15798
4486
19484
24057
30833
14861
32414
8050
4432
7893
27731
867
23173
28505
21665
8753
18232
23857
16779
16735
7209
6698
23928
25162
5014
31900
22070
10518
30815
15864
28990
12264
31848
1953
13626
6741
20031
16893
19652
32027
12799
22987
1649
28175
8564
28599
5646
20567
14207
9771
31529
12505
27324
361
12500
18163
23395
3543
2725
28013
14444
16537
25345
10156
32759
18021
32410
1832
7914
13459
18743
1312
13276
20596
20404
9356
31026
24805
6985
28755
6791
15908
21007
10686
31058
5090
16575
15148
9410
2457
12733
17160
2285
17695
13654
19193
6442
31612
16198
32600
31163
1017
15742
31463
27824
8569
3108
31424
1543
30220
27354
3723
27416
21698
22339
6388
8497
26045
28867
13405
12157
20618
18823
20431
6186
24754
18630
6199
27850
22667
582
463
506
26196
10017
1498
1602
28545
29641
26772
61
9812
16202
7017
30714
7597
4047
3941
20385
20259
22632
3052
3930
18259
17418
23979
10346
27768
12760
29134
29599
4925
18080
12659
28399
21967
14249
12639
32348
24885
12972
2544
13339
11492
1824
27475
25588
20622
29882
16887
1516
27708
17205
32578
11298
22172
1871
23170
4087
1436
14612
7718
31345
25911
32606
21806
3042
4239
21661
27872
9924
8509
26836
7869
488
2277
25828
14003
9680
10509
29453
2452
22873
7471
12466
12231
16796
27404
27996
22590
14615
3396
23298
18343
8712
3108
5000
22503
14362
6335
6021
3012
9539
24128
10825
2785
24045
32126
12063
6640
2132
26321
27599
25379
29487
1573
21607
8931
24466
30028
17467
3269
8723
10393
18475
31930
24364
18858
24100
18566
26336
13445
19946
17779
29601
19175
32532
22086
20594
4568
28760
5490
10825
19843
13320
28556
4279
3909
5597
16895
27082
27140
19956
20993
23859
16578
25878
12229
31396
25457
11836
23026
8060
28169
31058
13653
24486
7641
25404
11474
30142
4378
26391
3489
32374
9418
5313
29623
825
25784
4251
23169
6158
16859
16525
9688
4286
743
19019
14130
4409
8994
18135
25365
32054
4980
20296
23250
2842
4542
18121
24175
32283
2669
1508
19173
19365
14415
19201
22668
12284
30373
5161
7635
30244
31097
17936
10804
30462
24626
17491
19815
5043
22117
24318
24278
12117
14062
14673
6482
27588
25920
3524
24324
11727
20729
29512
31142
11420
22458
2000
10995
4170
31029
9232
8539
25556
4487
31876
9468
24121
3529
21429
4302
18138
20193
8632
27677
31011
11934
21751
14397
19309
23301
4148
18041
23843
31717
2506
10828
4132
22194
28726
7124
12649
25743
30679
24195
5352
3757
30194
24
10424
1236
11513
973
17269
25151
11789
19922
12774
5293
29633
25339
18397
14773
6689
20662
30815
26202
22515
20799
14597
3295
7484
23
13474
29917
31494
12978
4390
31122
14433
18799
19651
636
14504
3278
30286
27174
5893
27358
17639
18243
6967
10484
21212
19449
27539
23970
32715
12159
8265
18151
15879
21994
7145
20644
20285
10820
19750
24399
13400
24287
15833
13035
21665
2024
4937
30264
8235
17471
25513
20007
12654
26758
1250
32144
12850
24697
14483
28967
1967
14973
22870
18349
2546
4475
27974
10851
19074
18670
16830
2500
11844
20283
29795
4723
24220
23106
3428
28275
21973
21042
3840
9878
2755
24225
7753
14392
32678
18908
10536
13100
14418
11899
11682
29687
23437
9017
1625
20028
953
22787
24662
15224
691
24399
15877
25072
7418
687
11137
2023
20
31142
2066
18195
30765
21434
2293
5202
10498
24266
22875
28570
19965
30370
31667
20526
17825
29389
20524
8472
27689
9898
25718
25043
2412
10179
28873
16200
22020
20057
9769
14588
23471
9284
12776
9863
13557
13818
6764
12616
28684
31213
22835
5719
6392
16922
22035
17595
12022
27614
10183
11229
2331
16908
15783
20029
28217
17726
22199
27748
25602
20072
27107
23578
31088
16307
25481
24536
4196
14216
23608
4736
27277
31210
11448
15180
32139
1034
842
7684
21076
32277
24112
7029
29655
32593
3952
13854
12512
22632
11734
20268
13628
22532
5944
12201
15901
15771
26621
12784
28096
20109
3040
8036
588
16748
19442
5729
29694
29594
32222
3187
16003
7450
14449
16582
22949
30368
12634
13022
9514
1514
10286
29064
19449
1107
687
22033
25215
5030
32333
32693
17489
13616
6893
9050
29971
14105
8938
895
2200
3060
29785
9327
22090
16532
28562
4282
31693
1057
12012
16869
29407
30316
27591
353
16003
12416
13520
21946
29534
15226
22912
20497
8033
27034
12006
19916
21672
17817
4519
652
23458
3133
18755
24159
20595
25644
12441
9272
12182
18430
18350
17564
5575
22165
4778
20637
14112
32177
27171
6412
20866
12991
8350
19947
7734
11762
8531
12833
1748
23445
27697
14193
8548
30624
4898
5805
14276
1929
7312
14375
24138
9820
28456
105
23977
22286
10974
21798
29721
20751
4913
28272
12722
31518
28336
18474
29721
2145
32701
18369
17759
27573
31377
27159
8742
5443
7296
3520
27398
11860
18558
11633
1327
18278
19683
7861
28239
11390
13931
10466
18358
21441
21633
2124
7352
6718
21181
12728
26706
17167
2987
27156
7697
27808
30926
1637
14896
28750
25572
26624
7424
24628
15724
2301
13709
5953
15462
11497
16255
3982
11098
2491
6206
29423
1691
32009
28506
6601
20429
8572
22057
27683
15013
22658
29362
22783
5872
7234
22985
22506
7127
11733
21628
10450
30817
29619
5294
17944
19769
7275
7426
15590
29618
22936
24571
24515
13832
18192
23137
1892
23785
21086
11494
21957
13875
13939
30985
12153
30976
24472
1339
24383
10976
19367
27712
6101
27237
14971
23513
18449
17125
17061
9888
29997
28027
7776
11571
3939
9039
17608
25236
29881
25879
9030
28624
5663
23518
2895
15071
29367
14084
10318
21708
23924
11143
4574
4886
16614
30848
20029
22613
21844
5361
22781
20512
32012
27325
509
8751
15095
17144
14488
24765
30576
18273
5916
13872
1878
15661
17022
5628
10592
23815
29260
29893
28081
27732
13538
19396
15277
31675
17377
27499
27146
28389
31965
24908
7466
12673
21078
30007
24488
15756
18666
418
10545
22223
21704
11086
18325
8105
11112
15400
24093
27406
23930
9582
28448
28624
19740
27922
9169
16669
21583
2659
18011
12362
12204
30186
8752
31694
339
28818
16029
28562
37
17933
10147
23144
10035
3698
14594
31960
31093
13099
8086
21795
11712
15118
1254
27778
22258
8650
6395
2479
23664
16005
28270
27814
22226
32195
23749
30637
9436
29322
23808
27026
19632
708
5230
3380
32067
13028
453
580
17422
21708
114
845
19206
7662
5678
19698
13005
26802
16082
2680
23850
9496
10860
27524
15287
15519
8594
18213
30425
28005
1014
28692
245
24719
5435
7739
27105
32747
3079
4469
1689
20180
5978
20885
16692
19031
19998
12201
9494
5268
15615
27776
31590
28518
1660
10345
3011
19014
18750
62
21810
26476
16553
31649
21339
23608
21426
12422
9206
28881
1520
16370
8320
8972
32501
4097
16434
20623
7134
26414
22067
19510
16169
19663
13
25269
21191
21215
22622
4735
12402
11520
16848
31463
25665
14528
24138
18053
32122
23324
1640
5340
24999
22339
21801
10041
21996
668
7144
21726
12951
31241
21134
2656
29945
15470
22533
22606
9077
20077
5872
21779
14294
19316
25241
22046
997
2042
8234
17472
17468
10501
4129
3925
21845
21744
19454
1318
16102
24939
19518
3982
2417
8899
2701
7644
4630
16484
5176
15737
20653
12956
8417
9675
17425
19873
374
15192
30910
32214
31588
20015
23967
6474
25607
6020
23329
27265
4197
15002
24716
22648
27933
19686
23443
20451
21146
10609
20010
20921
27020
4990
30359
19186
13209
27757
15820
6544
3151
223
24564
25308
13918
12571
844
7922
18692
30896
12596
32127
4552
6492
25990
1994
15979
27949
10278
9201
25372
9190
25818
23925
12523
28580
30044
5881
28800
25793
4526
2375
5389
4345
6830
13204
31617
3531
29418
8453
10751
4642
22965
10098
9102
18229
31867
873
9234
25772
12881
30070
22651
22532
5584
17569
26428
31540
28964
19001
23806
7825
12384
27344
20886
27119
19988
8327
22837
22793
28194
31372
5599
22307
6861
13792
32031
15853
22547
21342
9720
15275
317
20217
13086
25747
9396
23621
11623
29558
21014
19513
25212
32163
3721
51
7124
7689
25424
3644
16867
23451
15004
31373
16270
20217
32420
10835
14819
19276
12023
29616
28679
3697
24593
28418
22383
15451
22829
28007
18515
10674
17499
14465
20064
14784
9426
32630
29102
21390
1927
5435
3057
12874
8703
25619
32243
5356
21345
14930
22850
4378
15311
21607
21029
3400
24054
18457
3541
9763
32484
13585
8426
816
14362
24217
21012
24240
28643
4771
29963
17608
11236
525
29129
19934
29171
28195
19446
22598
11053
20326
16036
1310
15682
22924
16444
31862
19988
199
696
15541
25985
25674
17427
31031
24956
16906
766
19515
28771
22465
27605
16381
1420
21817
4561
29471
31778
17351
18559
23629
23599
1813
12657
28961
30201
23333
21043
13380
18322
29587
18048
28375
24747
8219
25270
6417
14505
6746
23176
13865
11003
24793
16371
10102
3498
17223
28275
15061
5681
1030
13942
30795
144
13034
23825
29419
11420
9533
17394
8442
9625
12038
19862
32594
18442
394
20924
1028
31176
21268
13849
9281
10322
13298
32589
29051
356
13504
28182
4551
6603
16873
31939
6022
30327
22634
20716
31812
11218
30681
30049
17120
1872
30118
28768
1261
30535
5538
2571
28505
9474
3005
22296
29260
29969
19220
23499
10323
25058
17963
23329
14526
25750
1142
9807
14663
24589
12575
106
21236
16963
1795
27240
11838
20448
15870
27463
27250
19978
23912
10380
9304
32382
6111
25327
20499
8671
5191
11093
27208
29773
18448
25598
17538
22586
18103
25088
28885
9081
10896
17140
4290
17048
31426
19183
2907
9840
12947
24244
28327
12282
19942
28199
72
3685
32513
25349
16731
17253
29076
26579
27040
16845
16119
6932
7643
23136
30644
703
25978
27364
26181
21488
9079
889
28447
25310
5760
30249
12783
20237
9302
1216
20515
16325
29811
8414
31916
17602
7663
29258
14594
12077
27812
6025
25449
30411
401
21680
31348
32629
21116
9334
14791
21192
19675
24461
29728
8733
8181
28211
20121
9403
29253
14340
16679
9804
1567
17938
103
22926
4502
19255
13466
17227
19868
1706
8685
20875
107
13521
9727
29448
1828
598
11933
17122
8886
13693
3536
7316
3074
437
20249
11303
4925
14701
29179
20134
20117
21032
11706
22225
7191
28372
8803
2581
31440
25687
6924
27068
32562
27756
17757
7266
26298
31405
591
2984
3792
26608
13364
2604
21231
26583
11768
5560
5637
31907
10150
2489
31517
23881
23597
22003
4411
456
13413
3444
30343
18873
9037
25030
13998
28968
6039
24169
26758
18338
9830
30848
20209
23951
21334
18123
259
7107
6589
30165
23911
31055
6960
19567
19710
17309
5961
21596
6346
11452
4264
31566
22283
5112
17208
16402
13223
15534
20403
16391
6095
26462
16489
14548
29920
258
19261
21082
13959
23710
29936
17640
8233
11033
31138
12206
6530
9547
7829
13173
11916
7255
20789
9613
18082
25659
14165
28422
22245
19621
5308
27683
5087
7177
10720
24587
26214
16624
28657
20674
10179
11667
22041
24408
26900
4520
25603
28768
18927
26236
26010
14500
8776
322
1043
535
917
8106
28717
15627
21807
8886
439
12708
4092
27594
28755
25997
23883
4098
2427
2537
7423
21959
1985
1421
5872
12453
28507
28524
23438
12119
5086
3410
6088
4132
11082
10966
24620
28527
4679
23690
14159
17545
9646
884
21359
8393
21835
9410
26455
25823
21474
27065
29315
24677
2159
23535
23685
4023
9394
12730
24487
27653
1259
16104
1746
422
15587
23984
17070
16559
30251
25577
23051
15301
936
30842
14720
18735
20048
23826
26193
14895
32558
25
6294
7315
2732
27366
16538
14983
273
24626
31618
19629
18505
16076
15151
4720
8933
31887
9573
17557
10338
19858
28204
5650
4782
19358
12662
14116
1256
12773
4099
3740
12135
240
4994
7545
29951
7898
7673
16572
30079
18364
26726
17784
8574
25192
21671
809
15192
3418
5783
28742
26995
30699
30842
25882
15815
23496
16027
207
22173
10915
28211
25804
31894
17448
31629
14913
25072
18483
9064
13823
26373
22848
29597
3726
2068
25379
18177
6265
22596
14841
14477
31981
11750
9566
20924
16002
25595
11232
30773
89
21750
12980
24234
17255
29379
17832
32000
3600
8199
7001
21424
12792
11946
10662
32365
9238
10131
24164
23047
6922
16306
20563
16783
26544
7748
31825
9916
15349
22610
25294
2445
21481
17787
6528
4912
13590
4596
9560
22563
30737
12749
12468
1433
20558
6518
29142
32287
17976
24449
21909
10623
22401
11177
16978
31716
29111
5908
1838
30784
31513
25045
19322
12779
23976
8629
4720
4493
18561
20019
10016
24893
7017
19913
1196
25578
12458
26737
3768
31738
31006
17256
11805
9522
7817
18994
9693
17878
8235
10462
13404
6929
7574
15243
21709
17558
17342
5931
13546
13192
4175
3975
13032
152
24387
24196
30634
28013
30387
20644
309
5448
1261
6863
12644
4328
17608
15700
13532
4523
15412
6187
22083
14327
18709
5245
4525
10456
28754
1893
31831
9962
9000
12793
21656
12922
28357
644
19988
29928
18962
31510
28211
31567
30160
24895
3282
1128
8934
6935
19768
26028
21241
23937
9035
19385
10046
4017
14595
23031
4492
2028
18464
28027
7094
1423
15384
1836
14615
3155
12372
8484
22126
1231
7835
29529
7149
17983
20943
27516
5516
28035
28887
23585
13731
9579
13788
10017
26040
17457
9656
26428
6549
25159
23467
23811
6302
20051
15696
8950
29026
633
10960
27881
19312
32472
32598
22188
2924
11607
30147
1514
32098
12961
17826
9042
31065
20590
3166
28405
13868
15621
22194
29679
16021
5118
24162
8010
15499
17485
20521
15903
3790
8060
11762
9982
23744
28216
8523
4752
7286
11791
21014
26491
16143
23672
5505
32134
30532
29460
2361
7166
20033
31027
28379
14168
31411
20122
23468
12823
11811
4996
4233
9457
19586
20966
3617
29229
16901
19447
14689
10319
27443
5104
9264
30711
17212
20752
20061
16647
19596
21988
29397
31492
26528
27589
13594
31935
3096
30626
17136
26420
6158
23552
15962
14258
10663
15422
964
17724
14055
1310
8322
11568
22474
24193
3449
29478
30352
27250
540
22555
23128
30054
29595
11471
16368
31682
5206
9067
29932
10398
26520
25703
10485
12745
15746
27307
26980
13581
11077
27380
31504
31412
21397
19066
1635
16714
4954
26832
18868
30373
26280
16651
17872
547
6641
9766
6362
1075
7033
7845
31574
12055
267
9081
4992
7400
5611
17956
4834
18138
1291
541
21029
449
29569
15734
24360
9172
7993
15548
12623
14257
21991
3615
30750
24738
22592
12242
14342
21535
32106
30133
10622
3220
10929
29234
3670
6500
29563
26212
29000
12333
30078
32127
977
25422
17712
22380
3647
8614
32383
9907
9738
25503
19907
26014
7783
10603
1265
26268
26395
11918
4369
17379
19853
30365
25586
29273
21536
5957
9756
31669
5055
25486
17670
9185
23482
23649
12681
32163
976
2633
25237
12925
9357
9334
28707
466
10710
10503
23146
15177
29634
19081
20822
14455
31147
22202
4150
6584
9093
31379
8629
19037
19823
1926
8203
4109
10632
7685
17780
10597
29700
24899
24801
16354
11647
6206
750
12545
20368
24573
30485
29348
12194
21270
23841
5816
1023
19060
30437
12821
16174
6999
32301
10917
13695
30364
5877
12489
16612
19775
12761
26616
22274
24094
29389
682
17800
20736
28686
21876
2240
725
23897
9588
28772
26432
30554
13807
1714
9042
17255
22841
28098
17817
30574
2261
10008
16217
7724
18654
31094
793
19360
23205
26867
27745
30144
668
30033
21699
17770
25971
4748
31256
29597
16512
4015
6668
1769
356
24555
26333
1316
236
31210
14687
27999
25909
16737
9284
3608
28436
12005
19610
2994
14004
10751
11157
11042
7041
18818
7567
13546
27461
28188
25165
1099
1169
27436
29316
5814
30815
12755
20123
12165
28405
12878
10931
25576
21517
26499
7141
8994
3634
16601
10954
3829
17773
24141
28481
14426
32033
21187
6508
5238
1332
24729
3068
15818
1647
25730
27567
21930
11816
25234
18454
6640
15646
27029
16796
753
32164
16549
20676
32176
25858
4860
4786
5714
25624
3590
16109
9938
11076
9658
10851
24054
25990
29483
31662
12930
12002
24922
29845
5803
18950
7247
29910
32718
22829
30312
6691
5730
7747
14320
8554
8748
1610
3315
27993
1713
1020
1361
22050
25585
32178
23314
9851
12114
21124
29433
27113
22747
15026
19292
28735
20642
1859
19763
10849
136
1259
13166
17486
3619
1586
31884
8286
30972
22739
6761
6088
26875
10850
21591
9318
16671
8242
3953
22461
19058
9846
28972
17208
2877
15014
4143
13748
7800
13605
10085
29249
8068
22048
32592
17447
32285
6585
416
5160
20106
5989
11012
25349
27158
28818
20288
19780
29636
4750
25472
31791
5439
20388
17131
10272
2064
5000
8572
4092
16147
14069
8461
2558
17452
13972
15541
4534
7734
20768
32340
30545
21308
20680
12908
5146
23276
980
3635
10305
5448
10380
31718
17883
6559
20565
351
27947
29116
32286
29930
15904
5469
1018
29781
25374
14823
25614
21062
6402
19031
14510
28113
30816
7036
26563
10314
25614
12388
9584
27992
16615
8980
2549
331
23241
1403
16083
2480
6880
20137
1841
1058
29479
10301
10110
8035
9003
12316
28760
10923
14867
617
28844
3903
31197
8113
4895
2118
32746
869
10925
3288
22205
32398
12944
8281
21760
10940
17764
32005
28103
2367
3976
19659
22041
8858
16583
25695
9133
14901
16696
13451
18673
27218
11618
26054
4688
15426
23972
20999
2229
4313
31957
20699
23883
27935
29223
2486
17032
32584
8785
16518
22121
28647
19437
20622
511
21342
798
18802
29226
20377
4215
25230
3493
18940
14104
14476
3138
12697
9754
2358
4983
14759
6446
24968
31770
6191
27776
29194
9577
7433
10210
32093
31053
13575
17702
5395
1504
11632
13771
6340
20524
19376
27613
11101
17462
3405
27158
4796
26171
9245
8009
13690
10553
695
4353
11016
3761
3367
6501
4606
29611
16870
15454
8367
12028
28425
22524
9217
25796
18360
13334
24700
13114
28130
13617
2464
7340
17455
13987
17276
21185
7222
20473
25212
18178
5361
2453
23939
9368
15725
17564
9785
5975
20422
23055
23463
1020
6227
13623
2817
5555
23838
27975
29378
17629
22935
8765
31742
15119
8841
8457
24052
14430
1612
4849
8164
24026
15677
15412
27936
344
32363
3565
28516
28277
19603
3899
9066
14551
3919
24991
23482
950
19594
25765
26048
25243
5687
15559
1312
14184
66
16782
14670
12697
12999
5882
345
21193
27779
30244
4615
7288
2440
26914
12839
19211
25140
32299
12579
16916
5731
13819
11221
3540
6372
12665
5019
7679
3882
25240
11182
7614
22852
17531
28847
3322
22032
24284
7811
32472
14251
6318
18529
8576
31787
7681
14121
29475
24209
23847
504
18492
21497
24341
5369
1814
26900
32523
6782
15502
5080
17784
31311
28186
19830
27160
25409
19722
2189
16735
4875
12046
22429
6426
20566
28665
22462
18516
19219
8388
13202
30326
22289
10198
21112
23987
13519
13954
2050
3235
23695
14290
22442
27438
32683
7299
8384
1708
13356
10320
18087
26954
32409
9332
10561
176
11789
7018
424
22497
16012
503
30495
10338
13719
29034
72
1694
11518
22307
25751
11657
32758
15698
29190
11652
20075
4353
15114
641
19096
2389
28870
21863
1236
5136
11647
27832
10671
27483
17233
4209
26173
14531
25376
25905
26290
27009
12241
670
9007
6142
4537
18692
28380
11926
24149
14912
32055
10140
10300
23005
20908
3743
19283
22652
19813
9964
2368
3705
20323
23380
18977
2507
6862
23344
21885
13100
30601
2210
6010
20091
16650
7197
18001
23134
22377
8487
31744
4907
9910
12381
6207
7433
14480
2744
32436
6482
1011
31248
1386
11068
28498
6878
10112
12217
14566
29510
20510
11419
14661
31573
20909
15100
13366
31367
23880
28893
11204
24204
3693
3597
27025
28491
24313
28749
12909
1064
5971
4785
22567
7810
3815
7241
7587
3456
20694
16897
8493
32526
30955
32710
16653
8738
23762
27882
11868
15940
21892
12234
8726
25677
15622
21678
26736
7279
29779
3056
13931
13685
1431
4961
32169
6476
13981
20200
12927
19139
8075
21612
14413
28815
6605
28404
26634
4498
6991
23821
25891
26205
20975
20077
13446
25587
4914
25813
18937
25551
29749
15420
32689
3369
7655
15913
11296
25462
12662
17505
18958
7726
20743
20162
26347
11729
8362
20591
19300
4652
21389
22573
4660
26073
6512
6157
8509
17157
88
4172
14551
25973
7816
24951
3432
11723
6317
2514
7989
27142
22617
4603
17527
1865
1714
27851
6578
4317
8044
3709
19522
8312
12276
32530
29494
9152
5870
27635
27234
6923
22498
31961
25520
13673
22322
28650
8887
28132
4688
16677
5775
3590
10285
24831
17891
14748
17909
15950
16711
26554
19449
10087
4044
27903
16109
18051
18898
31514
22867
15720
22046
14733
20791
9285
32045
23473
9757
28637
18119
22523
2872
743
21975
9341
16860
28341
13945
7344
30774
10005
21077
29808
59
11637
32556
23624
29406
30538
23472
15088
4998
5042
28313
8212
1983
21591
15349
21591
14127
32151
17599
10904
26573
16867
9396
30324
27213
3173
16994
19468
27358
24294
17794
27912
14872
18158
18311
1756
8752
11821
29303
9801
7279
2585
506
1063
31458
11993
23217
3939
23122
18786
11208
22596
28790
17632
20175
16626
2664
8023
22981
5944
20310
29066
6006
31625
7034
11804
23048
14657
1868
23541
23504
29742
28406
20455
8810
20303
3592
10641
6152
28891
877
6020
20234
1925
20894
9893
9167
13567
12053
8403
12491
445
15109
16073
18650
15867
27208
12613
27604
29697
16536
17770
26978
20390
10755
10338
9744
7955
2201
3657
13987
20681
19048
16454
17836
4838
7082
22011
30557
30627
2364
7712
16284
17186
10066
31338
24150
18023
4202
12978
30230
27556
20606
851
28886
22457
4222
27348
10005
17659
5629
31431
32041
31540
27435
12272
27351
2284
17155
5546
8481
8679
28101
14471
16991
18159
29095
11319
24721
6868
7111
10411
13812
2224
7525
633
19411
8047
2383
643
928
18063
17820
24788
13891
12325
17821
26314
23986
11297
8209
31866
31938
16594
21912
9552
14653
11437
23403
12278
23604
13642
15945
7543
11414
26543
29109
933
22530
11729
8030
28344
24026
23896
2783
1591
12441
9123
23976
31004
358
29452
28476
30003
27113
21869
23966
11715
26717
18403
2565
13680
25062
977
19927
12128
7973
22824
31701
7069
30474
32230
403
17082
7146
30429
15660
1210
16082
32182
23347
3885
32026
2101
20717
16028
19517
21695
18109
12071
22504
8217
1759
16493
1616
26738
17497
4268
5833
24996
20015
13097
3733
32439
727
9683
26617
13478
6124
18979
14230
23142
2599
25926
15351
18981
18826
27518
2919
10192
30174
6854
21509
28887
16224
10421
25114
14644
16312
1956
24745
14762
24362
1811
2120
4938
6672
21321
12335
27708
14984
6203
30095
18876
23146
19375
27941
19299
16765
25249
4878
11176
29674
30182
27869
10662
1264
6671
4587
16416
474
28304
3566
19906
2350
10274
20941
4777
25128
6757
9907
10022
10342
1226
22371
20415
24549
9904
971
21111
1324
24269
21211
12624
28103
22992
30359
28173
3319
5188
13931
15164
28840
13240
29631
15988
2723
31517
23756
18396
6661
24175
16814
8940
18672
31128
16314
25720
21120
28305
14097
23018
17665
28362
15989
32207
13407
29644
2396
5525
28893
27421
29763
23698
5642
22883
11077
24649
1522
14541
7916
29161
9361
5807
15175
20759
26509
13420
5437
29677
3620
12185
544
4163
5474
30047
19846
18989
15512
1313
340
11204
11787
18015
29723
18986
8169
30171
4520
15304
385
28154
4566
17370
2226
20076
4519
22318
13220
18191
17043
24104
4791
2577
9248
22538
28345
10582
31667
17266
8028
25369
32422
28709
9703
8661
25242
7690
24619
13158
18447
3450
26553
31595
13106
25783
29010
9456
1781
3769
16543
5962
13925
30513
1058
12865
8249
18376
11629
5493
18598
2727
6546
30458
25979
22077
7642
19782
28777
26172
19642
20557
13218
17893
1794
5610
1191
28550
11608
19841
8538
1345
1509
24291
25435
1806
10830
28785
15761
10755
4582
6277
14343
13524
3106
15885
24058
1430
16205
27769
21040
9416
32636
7896
32139
2451
4549
17981
3037
29521
12204
3944
11006
31821
24286
11170
16412
18889
28962
8425
1875
32070
16524
25933
20861
19199
31731
18842
21580
22967
6054
30519
16534
20404
13915
1358
4847
12556
7784
26925
21117
29471
3894
17901
12808
26981
2802
24401
18257
28522
26757
13296
19621
29718
16839
663
8369
18994
4591
16105
30872
25128
6223
14664
30787
20746
21310
32249
9465
18646
10069
12162
26159
26105
1758
24663
2209
30225
11657
12214
30625
7159
17505
11728
8367
29949
511
19241
13643
9076
6909
22337
16135
25202
5806
21108
14816
1746
23564
5919
10446
4475
2802
7684
22682
14054
30092
25072
17648
32730
19979
9883
21429
26490
23709
9935
23194
6786
20892
28108
8946
15310
2053
24556
24513
21020
19501
13955
18965
17170
31407
29449
22425
32643
2985
3451
16231
17646
24104
25086
16670
6215
22496
8646
25140
24058
11553
19254
5518
13102
25862
27976
334
27718
28144
14896
22253
23726
22066
11580
29065
19412
32014
18431
11904
15220
20449
10926
13373
25369
26522
3018
6994
1249
6768
21247
11719
32640
21973
23373
12466
16775
21669
8293
27656
487
1444
23382
25779
25008
13863
21096
31973
23327
21777
24648
28331
8664
25089
30310
21701
22640
23754
7836
13749
16174
18724
16400
17686
16403
6817
11099
20271
31767
7394
12779
712
15798
11274
19621
3388
29867
20851
5583
15568
7932
6304
6702
7491
17206
12403
17771
17063
24570
11424
28092
13935
29880
31586
17088
15048
1979
25453
9130
22573
19814
7715
8353
26933
21693
25098
11111
6320
23847
29054
15161
1523
14705
419
26615
880
25623
3486
16517
9098
10431
27141
24689
1959
1799
11411
2262
9606
12928
15393
16512
30419
21498
7377
16208
18168
28675
19597
10466
4919
5802
17328
23150
12533
16521
28162
20460
11865
32002
12266
25724
8470
21960
19423
29188
22405
2977
15392
5147
8183
4203
21669
4646
6729
